# Created by Octave 4.2.1
# name: A
# type: matrix
# rows: 4
# columns: 4
 16 2 3 13
 5 11 10 8
 9 7 6 12
 4 14 15 1


# name: B
# type: matrix
# ndims: 3
 3 5 2
 0.7119606331653073
 0.3239458604440883
 0.2517081925097783
 0.2623781614265581
 0.02400612107620053
 0.3610349169162434
 0.08696559381069129
 0.1223717543783189
 0.8344710716394416
 0.7523496801428267
 0.1158610152759924
 0.1058447702469805
 0.6862039631814455
 0.6464191647666365
 0.725081611538431
 0.6979423165345144
 0.9118902998808118
 0.4725168820839279
 0.2031809988102635
 0.09809430256780298
 0.3520290233326163
 0.02823735020804168
 0.9177653766608651
 0.2220428760342795
 0.6770033027760233
 0.5828640138695567
 0.3788037139762345
 0.135793937151525
 0.6371534158631847
 0.6642374262138168


